0 0.12114014251781473 0.21158690176322417 0.12648456057007126 0.21326616288832914 0.13004750593824227 0.2174643157010915 0.12945368171021376 0.22082283795130142 0.12292161520190023 0.22418136020151133 0.1163895486935867 0.2237615449202351 0.11282660332541568 0.22124265323257766 0.11401425178147269 0.21494542401343408 0.12054631828978622 0.21158690176322417
1 0.19596199524940616 0.2128463476070529 0.2013064133016627 0.2174643157010915 0.2001187648456057 0.22208228379513015 0.19655581947743467 0.2237615449202351 0.19002375296912113 0.2225020990764064 0.1876484560570071 0.218303946263644 0.18942992874109263 0.2141057934508816 0.19536817102137768 0.2128463476070529
2 0.26929928741092635 0.21851385390428213 0.013657957244655582 0.011335012594458438
3 0.34382422802850354 0.21326616288832914 0.3497624703087886 0.2170445004198153 0.3497624703087886 0.22082283795130142 0.34560570071258906 0.2237615449202351 0.34085510688836107 0.2237615449202351 0.33669833729216153 0.22082283795130142 0.33788598574821854 0.21452560873215784 0.34323040380047504 0.21326616288832914
4 0.418646080760095 0.21326616288832914 0.42339667458432306 0.2162048698572628 0.42339667458432306 0.22124265323257766 0.4180522565320665 0.22418136020151133 0.41033254156769594 0.22040302267002518 0.41152019002375295 0.21452560873215784 0.4180522565320665 0.21326616288832914
0 0.5320665083135392 0.2052896725440806 0.5350356294536817 0.21032745591939547 0.5296912114014252 0.21452560873215784 0.5225653206650831 0.21326616288832914 0.5219714964370546 0.2086481947942905 0.5249406175771971 0.20486985726280438 0.5314726840855107 0.2052896725440806
1 0.6027315914489311 0.20445004198152814 0.6092636579572447 0.20906801007556675 0.6080760095011877 0.2128463476070529 0.6033254156769596 0.21494542401343408 0.5985748218527316 0.21452560873215784 0.5956057007125891 0.21116708648194793 0.5961995249406176 0.20654911838790932 0.6021377672209026 0.20445004198152814
2 0.6763657957244655 0.20445004198152814 0.6817102137767221 0.20612930310663308 0.6823040380047506 0.2128463476070529 0.6751781472684085 0.21536523929471033 0.6704275534441805 0.21326616288832914 0.6692399049881235 0.209487825356843 0.6704275534441805 0.20654911838790932 0.6757719714964371 0.20445004198152814
3 0.7529691211401425 0.20486985726280438 0.7577197149643705 0.20990764063811923 0.7517814726840855 0.21494542401343408 0.7446555819477435 0.21368597816960538 0.7428741092636579 0.20906801007556675 0.745249406175772 0.2052896725440806 0.752375296912114 0.20486985726280438
4 0.8254156769596199 0.2040302267002519 0.831353919239905 0.2086481947942905 0.830166270783848 0.2128463476070529 0.8254156769596199 0.21494542401343408 0.8212589073634204 0.21494542401343408 0.8176959619952494 0.21116708648194793 0.8182897862232779 0.20654911838790932 0.8248218527315915 0.2040302267002519
0 0.11935866983372921 0.5856423173803527 0.12767220902612827 0.5885810243492863 0.12885985748218529 0.5952980688497062 0.11995249406175772 0.5973971452560873 0.11342042755344418 0.5952980688497062 0.11401425178147269 0.5890008396305626 0.1187648456057007 0.5860621326616289
1 0.19655581947743467 0.5869017632241813 0.2013064133016627 0.5910999160369438 0.2007125890736342 0.5952980688497062 0.19655581947743467 0.5969773299748111 0.18883610451306412 0.5952980688497062 0.1876484560570071 0.5919395465994962 0.18942992874109263 0.5881612090680101 0.19596199524940616 0.5869017632241813
2 0.27256532066508316 0.5877413937867338 0.2755344418052256 0.5923593618807724 0.27078384798099764 0.5969773299748111 0.2654394299287411 0.5969773299748111 0.26247030878859856 0.5910999160369438 0.2654394299287411 0.5877413937867338 0.27197149643705465 0.5877413937867338
3 0.342042755344418 0.5869017632241813 0.3485748218527316 0.5885810243492863 0.3491686460807601 0.5952980688497062 0.34501187648456055 0.5969773299748111 0.33729216152019004 0.5952980688497062 0.33729216152019004 0.589840470193115 0.3414489311163896 0.5873215785054576
4 0.41983372921615203 0.5873215785054576 0.42339667458432306 0.5902602854743912 0.42339667458432306 0.5940386230058774 0.418646080760095 0.5969773299748111 0.41270783847980996 0.5961376994122586 0.41033254156769594 0.5910999160369438 0.41270783847980996 0.5877413937867338 0.4192399049881235 0.5873215785054576