3 0.7579831932773109 0.21938168846611178 0.7621848739495798 0.22294887039239 0.7621848739495798 0.22711058263971462 0.7554621848739496 0.23067776456599287 0.7487394957983193 0.22711058263971462 0.7487394957983193 0.22294887039239 0.7512605042016807 0.21997621878715815 0.7571428571428571 0.21938168846611178
3 0.34789915966386553 0.20689655172413793 0.35126050420168065 0.20986920332936979 0.35126050420168065 0.2140309155766944 0.34705882352941175 0.21759809750297265 0.3403361344537815 0.2170035671819263 0.3378151260504202 0.21343638525564804 0.33865546218487397 0.20927467300832342 0.34369747899159664 0.20630202140309156 0.34705882352941175 0.20689655172413793
3 0.34789915966386553 0.5802615933412604 0.35126050420168065 0.5873959571938169 0.3453781512605042 0.5903686087990487 0.33865546218487397 0.5879904875148633 0.3378151260504202 0.5832342449464922 0.3420168067226891 0.579667063020214 0.34705882352941175 0.5802615933412604
0 0.11932773109243698 0.20451843043995244 0.12773109243697478 0.20927467300832342 0.126890756302521 0.2164090368608799 0.11848739495798319 0.21819262782401902 0.1134453781512605 0.21581450653983353 0.11176470588235295 0.20986920332936979 0.11848739495798319 0.2051129607609988
1 0.19831932773109243 0.20689655172413793 0.20252100840336135 0.21343638525564804 0.19747899159663865 0.21759809750297265 0.1907563025210084 0.2170035671819263 0.18823529411764706 0.2140309155766944 0.18907563025210083 0.20868014268727705 0.19243697478991598 0.20630202140309156 0.19747899159663865 0.20689655172413793
2 0.2747899159663866 0.2080856123662307 0.27647058823529413 0.2146254458977408 0.2714285714285714 0.21759809750297265 0.2647058823529412 0.2164090368608799 0.2638655462184874 0.20927467300832342 0.2689075630252101 0.20630202140309156 0.2739495798319328 0.2080856123662307
4 0.42100840336134454 0.20689655172413793 0.4260504201680672 0.21046373365041618 0.42521008403361343 0.21581450653983353 0.4218487394957983 0.21759809750297265 0.4176470588235294 0.21759809750297265 0.4134453781512605 0.2146254458977408 0.4134453781512605 0.20927467300832342 0.42016806722689076 0.20689655172413793
0 0.5352941176470588 0.21997621878715815 0.5369747899159664 0.22770511296076099 0.5327731092436975 0.2300832342449465 0.5285714285714286 0.2300832342449465 0.5243697478991597 0.22711058263971462 0.5243697478991597 0.22294887039239 0.5277310924369748 0.21938168846611178 0.534453781512605 0.21997621878715815
1 0.607563025210084 0.21938168846611178 0.6109243697478992 0.2205707491082045 0.6126050420168068 0.2259215219976219 0.6109243697478992 0.22889417360285375 0.6058823529411764 0.23067776456599287 0.6 0.22829964328180738 0.5991596638655462 0.22235434007134364 0.6067226890756302 0.21938168846611178
2 0.6823529411764706 0.21938168846611178 0.6873949579831933 0.22294887039239 0.6865546218487395 0.22770511296076099 0.6823529411764706 0.2300832342449465 0.6781512605042017 0.2300832342449465 0.6739495798319328 0.22711058263971462 0.6747899159663866 0.2205707491082045 0.6815126050420168 0.21938168846611178
4 0.8319327731092437 0.21938168846611178 0.8361344537815126 0.2235434007134364 0.8361344537815126 0.22770511296076099 0.8327731092436975 0.2300832342449465 0.8243697478991596 0.22889417360285375 0.8226890756302521 0.22413793103448276 0.8252100840336134 0.21997621878715815 0.83109243697479 0.21938168846611178
4 0.42436974789915966 0.5808561236623068 0.4260504201680672 0.5873959571938169 0.42100840336134454 0.5903686087990487 0.4134453781512605 0.5879904875148633 0.4134453781512605 0.582639714625446 0.4176470588235294 0.579667063020214 0.4235294117647059 0.5808561236623068
2 0.2689075630252101 0.5790725326991677 0.27647058823529413 0.5814506539833532 0.27647058823529413 0.5885850178359097 0.27310924369747897 0.5903686087990487 0.26554621848739496 0.5897740784780023 0.2630252100840336 0.584423305588585 0.2680672268907563 0.579667063020214
1 0.19831932773109243 0.5802615933412604 0.2008403361344538 0.5814506539833532 0.20168067226890757 0.5868014268727705 0.19663865546218487 0.5903686087990487 0.18907563025210083 0.5879904875148633 0.18823529411764706 0.5832342449464922 0.19243697478991598 0.579667063020214 0.19747899159663865 0.5802615933412604
0 0.11932773109243698 0.5790725326991677 0.126890756302521 0.5814506539833532 0.126890756302521 0.5885850178359097 0.12100840336134454 0.5909631391200951 0.11596638655462185 0.5897740784780023 0.1134453781512605 0.584423305588585 0.11848739495798319 0.579667063020214