0 0.11935866983372921 0.3975650713685978 0.12826603325415678 0.40092359361880775 0.12826603325415678 0.4076406381192275 0.11995249406175772 0.41015952980688497 0.11342042755344418 0.4072208228379513 0.11282660332541568 0.40134340890008396 0.1187648456057007 0.3979848866498741
1 0.19596199524940616 0.3984047019311503 0.20190023752969122 0.40302267002518893 0.2001187648456057 0.4076406381192275 0.19596199524940616 0.4093198992443325 0.19002375296912113 0.4080604534005038 0.1876484560570071 0.40470193115029385 0.18883610451306412 0.4005037783375315 0.19536817102137768 0.3984047019311503
2 0.2690023752969121 0.3979848866498741 0.2755344418052256 0.40092359361880775 0.2755344418052256 0.4072208228379513 0.27197149643705465 0.4093198992443325 0.26306413301662707 0.4076406381192275 0.26247030878859856 0.40134340890008396 0.2684085510688836 0.3984047019311503
3 0.34382422802850354 0.3988245172124265 0.3503562945368171 0.40344248530646515 0.3485748218527316 0.4080604534005038 0.34501187648456055 0.4093198992443325 0.33907363420427555 0.40890008396305627 0.3355106888361045 0.40470193115029385 0.33669833729216153 0.40092359361880775 0.34323040380047504 0.3988245172124265
4 0.42042755344418054 0.3992443324937028 0.42399049881235157 0.4051217464315701 0.418646080760095 0.4093198992443325 0.41270783847980996 0.40848026868178 0.40973871733966744 0.40428211586901763 0.41270783847980996 0.3992443324937028 0.41983372921615203 0.3992443324937028
0 0.12232779097387174 0.6280436607892528 0.12767220902612827 0.630142737195634 0.12885985748218529 0.6339210747271201 0.12707838479809977 0.6372795969773299 0.12173396674584323 0.6385390428211587 0.1163895486935867 0.6376994122586063 0.11401425178147269 0.6335012594458438 0.11520190023752969 0.6297229219143576 0.12173396674584323 0.6280436607892528
1 0.19714964370546317 0.628463476070529 0.2013064133016627 0.6343408900083963 0.19596199524940616 0.6385390428211587 0.18942992874109263 0.6368597816960537 0.18824228028503562 0.6314021830394626 0.19121140142517815 0.628463476070529 0.19655581947743467 0.628463476070529
2 0.27375296912114017 0.6293031066330814 0.2755344418052256 0.6347607052896725 0.2695961995249406 0.6385390428211587 0.26247030878859856 0.6368597816960537 0.26247030878859856 0.6309823677581864 0.2672209026128266 0.6280436607892528 0.27315914489311166 0.6293031066330814
3 0.34619952494061756 0.6288832913518052 0.3491686460807601 0.6309823677581864 0.3491686460807601 0.6368597816960537 0.342042755344418 0.6385390428211587 0.33729216152019004 0.6364399664147775 0.33669833729216153 0.6314021830394626 0.3414489311163896 0.6280436607892528 0.34560570071258906 0.6288832913518052
4 0.4192399049881235 0.628463476070529 0.42280285035629456 0.6305625524769102 0.42339667458432306 0.6351805205709488 0.418646080760095 0.6385390428211587 0.41270783847980996 0.6372795969773299 0.41033254156769594 0.6339210747271201 0.41152019002375295 0.6293031066330814 0.418646080760095 0.628463476070529
0 0.5314726840855107 0.23887489504617967 0.5338479809976246 0.24517212426532325 0.5296912114014252 0.24853064651553317 0.5249406175771971 0.24811083123425692 0.5213776722090261 0.24265323257766583 0.5243467933491687 0.23845507976490343 0.5308788598574822 0.23887489504617967
1 0.6021377672209026 0.23761544920235098 0.6086698337292161 0.2409739714525609 0.6074821852731591 0.24727120067170444 0.5985748218527316 0.24811083123425692 0.5956057007125891 0.244752308984047 0.5967933491686461 0.2401343408900084 0.6015439429928741 0.2380352644836272
2 0.6757719714964371 0.23761544920235098 0.6823040380047506 0.24055415617128464 0.6828978622327792 0.24433249370277077 0.6811163895486936 0.24769101595298068 0.6757719714964371 0.24853064651553317 0.669833729216152 0.2455919395465995 0.669833729216152 0.24055415617128464 0.6751781472684085 0.23761544920235098
3 0.7529691211401425 0.23845507976490343 0.7565320665083135 0.244752308984047 0.751187648456057 0.2489504617968094 0.746437054631829 0.24811083123425692 0.7428741092636579 0.24433249370277077 0.746437054631829 0.23845507976490343 0.752375296912114 0.23845507976490343
4 0.8260095011876485 0.23761544920235098 0.8307600950118765 0.2409739714525609 0.8307600950118765 0.24517212426532325 0.8260095011876485 0.24853064651553317 0.8200712589073634 0.24811083123425692 0.8176959619952494 0.24517212426532325 0.8200712589073634 0.23845507976490343 0.8254156769596199 0.23761544920235098