1 0.1957983193277311 0.6105826397146255 0.2008403361344538 0.6129607609988109 0.2 0.619500594530321 0.19243697478991598 0.6206896551724138 0.18907563025210083 0.6183115338882283 0.18907563025210083 0.6129607609988109 0.1949579831932773 0.6111771700356718
1 0.607563025210084 0.72294887039239 0.6126050420168068 0.7271105826397146 0.611764705882353 0.7312722948870393 0.6084033613445378 0.7330558858501783 0.6016806722689075 0.7324613555291319 0.5991596638655462 0.7282996432818074 0.6 0.7247324613555292 0.6067226890756302 0.72294887039239
0 0.11932773109243698 0.2681331747919144 0.12605042016806722 0.2699167657550535 0.126890756302521 0.27705112960760997 0.12352941176470589 0.2788347205707491 0.11512605042016806 0.27705112960760997 0.11428571428571428 0.272294887039239 0.11848739495798319 0.26872770511296074
1 0.6058823529411764 0.27734839476813317 0.013445378151260505 0.011296076099881093
1 0.1957983193277311 0.2681331747919144 0.20168067226890757 0.272294887039239 0.20168067226890757 0.27586206896551724 0.19747899159663865 0.2788347205707491 0.19243697478991598 0.2788347205707491 0.18823529411764706 0.27586206896551724 0.18907563025210083 0.27051129607609986 0.1949579831932773 0.2681331747919144
2 0.2647058823529412 0.26872770511296074 0.2722689075630252 0.2681331747919144 0.2773109243697479 0.272294887039239 0.27563025210084036 0.27764565992865636 0.2672268907563025 0.2794292508917955 0.2630252100840336 0.27645659928656363 0.2647058823529412 0.26932223543400713
3 0.3453781512605042 0.2681331747919144 0.35042016806722687 0.27110582639714625 0.35042016806722687 0.27705112960760997 0.34705882352941175 0.2788347205707491 0.3420168067226891 0.2788347205707491 0.3378151260504202 0.27586206896551724 0.3378151260504202 0.27110582639714625 0.3445378151260504 0.2681331747919144
4 0.42521008403361343 0.2681331747919144 0.42857142857142855 0.2734839476813318 0.426890756302521 0.27764565992865636 0.4218487394957983 0.2800237812128419 0.4126050420168067 0.27824019024970276 0.41008403361344536 0.272294887039239 0.41680672268907565 0.26694411414982167 0.42436974789915966 0.2681331747919144
0 0.5310924369747899 0.27734839476813317 0.013445378151260505 0.011296076099881093
2 0.6798319327731093 0.27170035671819265 0.6865546218487395 0.27586206896551724 0.6831932773109244 0.28240190249702735 0.6773109243697479 0.28240190249702735 0.6739495798319328 0.2794292508917955 0.6747899159663866 0.2734839476813318 0.6789915966386555 0.27170035671819265
3 0.7579831932773109 0.272294887039239 0.761344537815126 0.27526753864447084 0.761344537815126 0.2800237812128419 0.7554621848739496 0.28299643281807374 0.7495798319327731 0.2806183115338882 0.7487394957983193 0.27526753864447084 0.7512605042016807 0.272294887039239 0.7571428571428571 0.272294887039239
4 0.83109243697479 0.27170035671819265 0.8361344537815126 0.27526753864447084 0.8361344537815126 0.2794292508917955 0.83109243697479 0.28299643281807374 0.8235294117647058 0.2800237812128419 0.8243697478991596 0.2734839476813318 0.8302521008403362 0.27170035671819265
0 0.11932773109243698 0.6105826397146255 0.12605042016806722 0.6123662306777645 0.12605042016806722 0.6189060642092746 0.12184873949579832 0.6206896551724138 0.11596638655462185 0.619500594530321 0.11512605042016806 0.6123662306777645 0.11848739495798319 0.6111771700356718
2 0.27563025210084036 0.6123662306777645 0.27563025210084036 0.6189060642092746 0.2689075630252101 0.6212841854934602 0.2638655462184874 0.6183115338882283 0.2638655462184874 0.6123662306777645 0.2680672268907563 0.6105826397146255 0.2747899159663866 0.6123662306777645
3 0.34705882352941175 0.6105826397146255 0.3521008403361345 0.6159334126040428 0.34705882352941175 0.6206896551724138 0.3420168067226891 0.6206896551724138 0.3378151260504202 0.6165279429250892 0.33865546218487397 0.6129607609988109 0.346218487394958 0.6105826397146255
4 0.42436974789915966 0.6117717003567182 0.42521008403361343 0.6189060642092746 0.4184873949579832 0.6212841854934602 0.4134453781512605 0.619500594530321 0.4126050420168067 0.6129607609988109 0.41596638655462187 0.6105826397146255 0.4235294117647059 0.6117717003567182
0 0.5352941176470588 0.7241379310344828 0.5369747899159664 0.7300832342449465 0.5327731092436975 0.7330558858501783 0.5252100840336135 0.7312722948870393 0.5243697478991597 0.7265160523186682 0.5277310924369748 0.7235434007134364 0.534453781512605 0.7241379310344828
2 0.6840336134453782 0.7235434007134364 0.6865546218487395 0.7300832342449465 0.6823529411764706 0.7330558858501783 0.6747899159663866 0.7318668252080857 0.6739495798319328 0.7265160523186682 0.6781512605042017 0.72294887039239 0.6831932773109244 0.7235434007134364
3 0.7554621848739496 0.7282996432818074 0.013445378151260505 0.01070154577883472
4 0.8344537815126051 0.7241379310344828 0.8361344537815126 0.7306777645659929 0.8319327731092437 0.7330558858501783 0.8243697478991596 0.7312722948870393 0.8235294117647058 0.7253269916765755 0.8277310924369747 0.72294887039239 0.8336134453781513 0.7241379310344828