0 0.12054631828978622 0.27246011754827876 0.12589073634204276 0.27371956339210746 0.12826603325415678 0.2779177162048699 0.12707838479809977 0.281696053736356 0.12292161520190023 0.28337531486146095 0.11579572446555819 0.28253568429890846 0.11282660332541568 0.2791771620486986 0.11401425178147269 0.2749790092359362 0.11995249406175772 0.27246011754827876
1 0.19655581947743467 0.27329974811083124 0.2001187648456057 0.27455919395465994 0.2013064133016627 0.2779177162048699 0.19655581947743467 0.28295549958018473 0.19121140142517815 0.28253568429890846 0.18824228028503562 0.2795969773299748 0.18883610451306412 0.2749790092359362 0.19596199524940616 0.27329974811083124
2 0.27078384798099764 0.27287993282955497 0.27375296912114017 0.2741393786733837 0.2755344418052256 0.2791771620486986 0.2690023752969121 0.28337531486146095 0.26306413301662707 0.28085642317380355 0.26247030878859856 0.27581863979848864 0.2648456057007126 0.27329974811083124 0.27019002375296913 0.27287993282955497
3 0.34263657957244653 0.2783375314861461 0.014251781472684086 0.010075566750629723
4 0.4171615201900237 0.2783375314861461 0.013657957244655582 0.010075566750629723
0 0.12232779097387174 0.6238455079764903 0.12648456057007126 0.6259445843828715 0.12707838479809977 0.6305625524769102 0.12054631828978622 0.6339210747271201 0.11579572446555819 0.6322418136020151 0.11460807600950118 0.6263643996641478 0.12173396674584323 0.6238455079764903
1 0.19774346793349168 0.6242653232577666 0.2007125890736342 0.6263643996641478 0.2007125890736342 0.6305625524769102 0.19596199524940616 0.6339210747271201 0.18942992874109263 0.6322418136020151 0.18824228028503562 0.6272040302267002 0.19239904988123516 0.6238455079764903 0.19714964370546317 0.6242653232577666
2 0.2690023752969121 0.6290931989924433 0.013064133016627079 0.010495382031905962
3 0.34560570071258906 0.6242653232577666 0.3491686460807601 0.626784214945424 0.3491686460807601 0.6305625524769102 0.34263657957244653 0.6339210747271201 0.33847980997624705 0.6330814441645676 0.33669833729216153 0.626784214945424 0.33847980997624705 0.6246851385390428 0.34501187648456055 0.6242653232577666
4 0.418646080760095 0.6238455079764903 0.42280285035629456 0.6259445843828715 0.42339667458432306 0.6305625524769102 0.4180522565320665 0.6339210747271201 0.41330166270783847 0.6335012594458438 0.41033254156769594 0.6297229219143576 0.41092636579572445 0.6259445843828715 0.4180522565320665 0.6238455079764903
0 0.5296912114014252 0.42107472712006716 0.5338479809976246 0.4244332493702771 0.5338479809976246 0.42863140218303947 0.5296912114014252 0.43073047858942065 0.5231591448931117 0.42947103274559195 0.5213776722090261 0.4256926952141058 0.5249406175771971 0.42149454240134343 0.5290973871733967 0.42107472712006716
1 0.6027315914489311 0.42065491183879095 0.6086698337292161 0.42527287993282953 0.6051068883610451 0.43073047858942065 0.5985748218527316 0.43073047858942065 0.5956057007125891 0.4269521410579345 0.5979809976247031 0.42191435768261965 0.6021377672209026 0.42065491183879095
2 0.6793349168646081 0.42149454240134343 0.6823040380047506 0.427791771620487 0.6751781472684085 0.43115029387069687 0.6716152019002375 0.43031066330814444 0.669833729216152 0.4248530646515533 0.672209026128266 0.42149454240134343 0.6787410926365796 0.42149454240134343
3 0.752375296912114 0.42107472712006716 0.7565320665083135 0.426112510495382 0.7517814726840855 0.43073047858942065 0.7458432304038005 0.42989084802686817 0.7434679334916865 0.42737195633921077 0.7446555819477435 0.42275398824517213 0.7517814726840855 0.42107472712006716
4 0.8248218527315915 0.42065491183879095 0.8307600950118765 0.42527287993282953 0.830166270783848 0.42863140218303947 0.8248218527315915 0.43115029387069687 0.8176959619952494 0.42737195633921077 0.8194774346793349 0.42233417296389586 0.8242280285035629 0.42065491183879095
0 0.5290973871733967 0.5982367758186398 0.5344418052256532 0.6020151133501259 0.5332541567695962 0.6062132661628883 0.5290973871733967 0.6083123425692695 0.5243467933491687 0.607472712006717 0.5219714964370546 0.6045340050377834 0.5225653206650831 0.600335852225021 0.5285035629453682 0.5982367758186398
1 0.6027315914489311 0.5982367758186398 0.6074821852731591 0.5994962216624685 0.6086698337292161 0.6053736356003359 0.6021377672209026 0.6087321578505458 0.5967933491686461 0.6066330814441646 0.5956057007125891 0.6032745591939547 0.5973871733966746 0.5994962216624685 0.6021377672209026 0.5982367758186398
2 0.6805225653206651 0.5990764063811923 0.6823040380047506 0.6053736356003359 0.6769596199524941 0.6083123425692695 0.6716152019002375 0.607472712006717 0.669833729216152 0.6015952980688497 0.6728028503562945 0.5986565910999161 0.6799287410926366 0.5990764063811923
3 0.7517814726840855 0.5982367758186398 0.7565320665083135 0.6015952980688497 0.755938242280285 0.6057934508816121 0.752375296912114 0.6078925272879933 0.745249406175772 0.6070528967254408 0.7434679334916865 0.6041141897565071 0.7446555819477435 0.5999160369437447 0.751187648456057 0.5982367758186398
4 0.8254156769596199 0.5982367758186398 0.8307600950118765 0.6024349286314021 0.8295724465558195 0.6062132661628883 0.8248218527315915 0.6083123425692695 0.8194774346793349 0.6070528967254408 0.8176959619952494 0.6024349286314021 0.8206650831353919 0.5986565910999161 0.8248218527315915 0.5982367758186398