0 0.12436974789915967 0.18846611177170036 0.126890756302521 0.19560047562425684 0.12100840336134454 0.1985731272294887 0.11596638655462185 0.19738406658739596 0.11428571428571428 0.19143876337693222 0.11932773109243698 0.1872770511296076 0.12352941176470589 0.18846611177170036
1 0.1957983193277311 0.1872770511296076 0.2008403361344538 0.1902497027348395 0.2008403361344538 0.1961950059453032 0.1957983193277311 0.1985731272294887 0.18907563025210083 0.1961950059453032 0.18907563025210083 0.18906064209274673 0.1949579831932773 0.187871581450654
2 0.2722689075630252 0.187871581450654 0.27563025210084036 0.1896551724137931 0.27647058823529413 0.19441141498216408 0.2714285714285714 0.1985731272294887 0.26554621848739496 0.19797859690844233 0.2630252100840336 0.1938168846611177 0.2638655462184874 0.1896551724137931 0.2680672268907563 0.1872770511296076 0.2714285714285714 0.187871581450654
3 0.3445378151260504 0.18668252080856124 0.35042016806722687 0.18906064209274673 0.35126050420168065 0.1961950059453032 0.346218487394958 0.1985731272294887 0.3411764705882353 0.1985731272294887 0.3378151260504202 0.1961950059453032 0.3369747899159664 0.1902497027348395 0.34369747899159664 0.1872770511296076
4 0.4226890756302521 0.1872770511296076 0.4260504201680672 0.18906064209274673 0.426890756302521 0.19441141498216408 0.42100840336134454 0.1991676575505351 0.4092436974789916 0.1961950059453032 0.4084033613445378 0.19143876337693222 0.41680672268907565 0.18668252080856124 0.4218487394957983 0.1872770511296076
0 0.12521008403361344 0.5969084423305588 0.126890756302521 0.6028537455410226 0.1226890756302521 0.6058263971462544 0.11596638655462185 0.6046373365041617 0.11428571428571428 0.598692033293698 0.11848739495798319 0.5957193816884662 0.12436974789915967 0.5969084423305588
1 0.19663865546218487 0.5957193816884662 0.2 0.5969084423305588 0.20168067226890757 0.6016646848989299 0.19747899159663865 0.6058263971462544 0.1907563025210084 0.6052318668252081 0.18823529411764706 0.6022592152199763 0.18907563025210083 0.5975029726516052 0.1957983193277311 0.5957193816884662
2 0.2722689075630252 0.5963139120095124 0.27563025210084036 0.5980975029726516 0.27647058823529413 0.6022592152199763 0.2739495798319328 0.6052318668252081 0.2689075630252101 0.6064209274673008 0.2638655462184874 0.6028537455410226 0.2638655462184874 0.5980975029726516 0.2680672268907563 0.5957193816884662 0.2714285714285714 0.5963139120095124
3 0.34705882352941175 0.5957193816884662 0.35126050420168065 0.598692033293698 0.35126050420168065 0.6028537455410226 0.3453781512605042 0.6064209274673008 0.33949579831932775 0.6046373365041617 0.3378151260504202 0.598692033293698 0.3420168067226891 0.5957193816884662 0.346218487394958 0.5957193816884662
4 0.4218487394957983 0.5963139120095124 0.42521008403361343 0.5980975029726516 0.4260504201680672 0.6022592152199763 0.419327731092437 0.6064209274673008 0.4142857142857143 0.6046373365041617 0.4126050420168067 0.598692033293698 0.4176470588235294 0.5957193816884662 0.42100840336134454 0.5963139120095124
0 0.5319327731092437 0.26872770511296074 0.5369747899159664 0.272294887039239 0.5369747899159664 0.27705112960760997 0.5327731092436975 0.2800237812128419 0.5285714285714286 0.2800237812128419 0.5235294117647059 0.27526753864447084 0.5252100840336135 0.27051129607609986 0.5310924369747899 0.26872770511296074
1 0.6067226890756302 0.26872770511296074 0.611764705882353 0.27170035671819265 0.611764705882353 0.27645659928656363 0.6058823529411764 0.2800237812128419 0.6016806722689075 0.2794292508917955 0.5983193277310924 0.27586206896551724 0.6 0.27051129607609986 0.6058823529411764 0.26872770511296074
2 0.6815126050420168 0.26872770511296074 0.6865546218487395 0.272294887039239 0.6865546218487395 0.27645659928656363 0.6831932773109244 0.2794292508917955 0.6773109243697479 0.2794292508917955 0.673109243697479 0.27586206896551724 0.6747899159663866 0.27051129607609986 0.680672268907563 0.26872770511296074
3 0.7571428571428571 0.26872770511296074 0.761344537815126 0.272294887039239 0.761344537815126 0.27645659928656363 0.7554621848739496 0.2800237812128419 0.7504201680672269 0.2788347205707491 0.7487394957983193 0.272294887039239 0.7563025210084033 0.26872770511296074
4 0.8294117647058824 0.26872770511296074 0.8344537815126051 0.27051129607609986 0.8361344537815126 0.2740784780023781 0.8327731092436975 0.2794292508917955 0.826890756302521 0.2794292508917955 0.8235294117647058 0.27705112960760997 0.8235294117647058 0.27170035671819265 0.8285714285714286 0.26872770511296074