0 0.11596638655462185 0.1985731272294887 0.11428571428571428 0.19262782401902498 0.11764705882352941 0.18906064209274673 0.12352941176470589 0.18906064209274673 0.126890756302521 0.19143876337693222 0.126890756302521 0.19738406658739596 0.12352941176470589 0.1991676575505351 0.11680672268907563 0.1985731272294887
1 0.1991596638655462 0.1896551724137931 0.20168067226890757 0.19262782401902498 0.19747899159663865 0.1991676575505351 0.18907563025210083 0.19738406658739596 0.18823529411764706 0.19203329369797859 0.1915966386554622 0.18906064209274673 0.19831932773109243 0.1896551724137931
2 0.2689075630252101 0.18846611177170036 0.27563025210084036 0.19084423305588585 0.27563025210084036 0.19738406658739596 0.27310924369747897 0.1991676575505351 0.26554621848739496 0.1991676575505351 0.2638655462184874 0.19143876337693222 0.2680672268907563 0.18906064209274673
3 0.3411764705882353 0.18906064209274673 0.34789915966386553 0.18906064209274673 0.35126050420168065 0.19262782401902498 0.35042016806722687 0.19797859690844233 0.3420168067226891 0.19976218787158145 0.3378151260504202 0.1967895362663496 0.3378151260504202 0.19262782401902498 0.3411764705882353 0.1896551724137931
4 0.42436974789915966 0.18906064209274673 0.426890756302521 0.19143876337693222 0.426890756302521 0.19738406658739596 0.4184873949579832 0.20095124851367419 0.41008403361344536 0.1961950059453032 0.41092436974789914 0.19203329369797859 0.4176470588235294 0.187871581450654 0.4235294117647059 0.18906064209274673
0 0.12184873949579832 0.5600475624256838 0.126890756302521 0.5636147443519619 0.126890756302521 0.5677764565992865 0.12352941176470589 0.570154577883472 0.11764705882352941 0.570154577883472 0.11428571428571428 0.5671819262782402 0.11596638655462185 0.5612366230677764 0.12100840336134454 0.5600475624256838
1 0.24705882352941178 0.5600475624256838 0.25126050420168067 0.5636147443519619 0.25126050420168067 0.5671819262782402 0.2453781512605042 0.5707491082045184 0.23949579831932774 0.5689655172413793 0.23865546218487396 0.5630202140309156 0.24033613445378152 0.56064209274673 0.246218487394958 0.5600475624256838
2 0.373109243697479 0.5600475624256838 0.3764705882352941 0.5671819262782402 0.37058823529411766 0.5707491082045184 0.36554621848739494 0.570154577883472 0.3621848739495798 0.5665873959571938 0.36554621848739494 0.5600475624256838 0.3722689075630252 0.5600475624256838
3 0.12352941176470589 0.5897740784780023 0.126890756302521 0.5927467300832342 0.126890756302521 0.5969084423305588 0.12016806722689076 0.6004756242568371 0.11512605042016806 0.598692033293698 0.11428571428571428 0.5933412604042806 0.11596638655462185 0.5903686087990487 0.1226890756302521 0.5897740784780023
4 0.2453781512605042 0.5891795481569561 0.25210084033613445 0.5951248513674198 0.2504201680672269 0.598692033293698 0.2445378151260504 0.6004756242568371 0.23865546218487396 0.5980975029726516 0.23781512605042016 0.5951248513674198 0.23949579831932774 0.5909631391200951 0.2445378151260504 0.5891795481569561
0 0.5319327731092437 0.2300832342449465 0.5369747899159664 0.232461355529132 0.5378151260504201 0.23781212841854935 0.5352941176470588 0.2407847800237812 0.5294117647058824 0.24197384066587396 0.5243697478991597 0.2384066587395957 0.5243697478991597 0.23365041617122473 0.526890756302521 0.23067776456599287 0.5310924369747899 0.2300832342449465
1 0.6084033613445378 0.23067776456599287 0.6126050420168068 0.2342449464922711 0.6126050420168068 0.23781212841854935 0.6084033613445378 0.2413793103448276 0.6008403361344538 0.2407847800237812 0.5991596638655462 0.2384066587395957 0.6 0.2318668252080856 0.607563025210084 0.23067776456599287
2 0.6840336134453782 0.23067776456599287 0.6865546218487395 0.232461355529132 0.6865546218487395 0.2384066587395957 0.680672268907563 0.2413793103448276 0.6747899159663866 0.23959571938168847 0.6739495798319328 0.23365041617122473 0.6773109243697479 0.23067776456599287 0.6831932773109244 0.23067776456599287
3 0.7558823529411764 0.23602853745541022 0.014285714285714285 0.011890606420927468
4 0.8336134453781513 0.23127229488703924 0.8361344537815126 0.23365041617122473 0.8352941176470589 0.23959571938168847 0.8285714285714286 0.2413793103448276 0.8243697478991596 0.24019024970273484 0.8235294117647058 0.23305588585017836 0.8260504201680672 0.23067776456599287 0.8327731092436975 0.23127229488703924