0 0.12100840336134454 0.26040428061831156 0.126890756302521 0.26397146254458975 0.12605042016806722 0.26932223543400713 0.1226890756302521 0.27051129607609986 0.11680672268907563 0.2699167657550535 0.11428571428571428 0.26634958382877527 0.11596638655462185 0.2615933412604043 0.12016806722689076 0.26040428061831156
0 0.11932773109243698 0.6064209274673008 0.12605042016806722 0.60820451843044 0.12605042016806722 0.6147443519619501 0.12016806722689076 0.6165279429250892 0.11596638655462185 0.6153388822829964 0.11428571428571428 0.6105826397146255 0.11848739495798319 0.6070154577883472
0 0.5327731092436975 0.23662306777645659 0.5369747899159664 0.23959571938168847 0.5369747899159664 0.2431629013079667 0.5327731092436975 0.24613555291319858 0.5285714285714286 0.24613555291319858 0.5243697478991597 0.2431629013079667 0.5252100840336135 0.23781212841854935 0.5319327731092437 0.23662306777645659
1 0.19831932773109243 0.2609988109393579 0.20168067226890757 0.26634958382877527 0.19663865546218487 0.27051129607609986 0.19243697478991598 0.27051129607609986 0.18823529411764706 0.26516052318668254 0.1907563025210084 0.2609988109393579 0.19747899159663865 0.2609988109393579
2 0.2722689075630252 0.26040428061831156 0.27563025210084036 0.2621878715814506 0.27647058823529413 0.267538644470868 0.2689075630252101 0.27110582639714625 0.2647058823529412 0.26932223543400713 0.2630252100840336 0.26516052318668254 0.26554621848739496 0.2609988109393579 0.2714285714285714 0.26040428061831156
3 0.3453781512605042 0.26040428061831156 0.35126050420168065 0.26456599286563615 0.35042016806722687 0.26872770511296074 0.346218487394958 0.27051129607609986 0.3420168067226891 0.27051129607609986 0.3378151260504202 0.26694411414982167 0.33865546218487397 0.262782401902497 0.3445378151260504 0.26040428061831156
4 0.42100840336134454 0.26040428061831156 0.4260504201680672 0.26456599286563615 0.4226890756302521 0.27051129607609986 0.41680672268907565 0.27051129607609986 0.4126050420168067 0.26634958382877527 0.4142857142857143 0.2621878715814506 0.42016806722689076 0.26040428061831156
1 0.6100840336134454 0.23721759809750298 0.611764705882353 0.2431629013079667 0.607563025210084 0.24613555291319858 0.6016806722689075 0.24554102259215219 0.5991596638655462 0.2407847800237812 0.6 0.23781212841854935 0.6092436974789915 0.23721759809750298
2 0.6815126050420168 0.23602853745541022 0.6857142857142857 0.2384066587395957 0.6865546218487395 0.24256837098692033 0.6840336134453782 0.24554102259215219 0.6789915966386555 0.24673008323424495 0.6747899159663866 0.24494649227110582 0.6739495798319328 0.2390011890606421 0.680672268907563 0.23602853745541022
3 0.7554621848739496 0.23602853745541022 0.761344537815126 0.24019024970273484 0.7605042016806722 0.24435196195005945 0.7571428571428571 0.24613555291319858 0.7529411764705882 0.24613555291319858 0.7487394957983193 0.2431629013079667 0.7487394957983193 0.2384066587395957 0.7546218487394958 0.23602853745541022
4 0.83109243697479 0.23602853745541022 0.8352941176470589 0.2390011890606421 0.8352941176470589 0.24435196195005945 0.8319327731092437 0.24613555291319858 0.8260504201680672 0.24554102259215219 0.8226890756302521 0.2407847800237812 0.8252100840336134 0.23721759809750298 0.8302521008403362 0.23602853745541022
1 0.1991596638655462 0.6070154577883472 0.20168067226890757 0.6129607609988109 0.1957983193277311 0.6165279429250892 0.1907563025210084 0.6159334126040428 0.18823529411764706 0.6117717003567182 0.1915966386554622 0.6070154577883472 0.19831932773109243 0.6070154577883472
2 0.2722689075630252 0.6064209274673008 0.27647058823529413 0.6099881093935791 0.27647058823529413 0.6135552913198573 0.2722689075630252 0.6165279429250892 0.2638655462184874 0.6141498216409037 0.2638655462184874 0.6087990487514863 0.2714285714285714 0.6064209274673008
3 0.346218487394958 0.6064209274673008 0.35126050420168065 0.6111771700356718 0.3495798319327731 0.6153388822829964 0.346218487394958 0.6165279429250892 0.3420168067226891 0.6165279429250892 0.3378151260504202 0.6135552913198573 0.33865546218487397 0.6087990487514863 0.3453781512605042 0.6064209274673008
4 0.4218487394957983 0.6064209274673008 0.4260504201680672 0.6099881093935791 0.4260504201680672 0.6135552913198573 0.4218487394957983 0.6165279429250892 0.41680672268907565 0.6165279429250892 0.4126050420168067 0.6135552913198573 0.4134453781512605 0.60820451843044 0.4176470588235294 0.6058263971462544 0.42100840336134454 0.6064209274673008
0 0.5336134453781513 0.6004756242568371 0.5369747899159664 0.6028537455410226 0.5369747899159664 0.6070154577883472 0.5327731092436975 0.6099881093935791 0.5285714285714286 0.6099881093935791 0.5243697478991597 0.6070154577883472 0.5243697478991597 0.6022592152199763 0.5294117647058824 0.5998810939357907 0.5327731092436975 0.6004756242568371
1 0.6100840336134454 0.6004756242568371 0.6126050420168068 0.6064209274673008 0.6067226890756302 0.6099881093935791 0.6 0.6087990487514863 0.5991596638655462 0.6028537455410226 0.6025210084033613 0.5998810939357907 0.6092436974789915 0.6004756242568371
2 0.6798319327731093 0.598692033293698 0.6873949579831933 0.603448275862069 0.6865546218487395 0.60820451843044 0.6815126050420168 0.6105826397146255 0.6747899159663866 0.6093935790725327 0.6722689075630253 0.6058263971462544 0.6722689075630253 0.6022592152199763 0.6789915966386555 0.598692033293698
3 0.7563025210084033 0.5992865636147443 0.7621848739495798 0.6040428061831153 0.7605042016806722 0.6087990487514863 0.7563025210084033 0.6099881093935791 0.7512605042016807 0.6099881093935791 0.7478991596638656 0.6064209274673008 0.7495798319327731 0.6010701545778835 0.7554621848739496 0.5992865636147443
4 0.8344537815126051 0.6010701545778835 0.8361344537815126 0.6076099881093936 0.83109243697479 0.6099881093935791 0.8243697478991596 0.60820451843044 0.8235294117647058 0.6028537455410226 0.8277310924369747 0.5998810939357907 0.8336134453781513 0.6010701545778835