0 0.12100840336134454 0.2681331747919144 0.12773109243697478 0.27110582639714625 0.12773109243697478 0.27645659928656363 0.12352941176470589 0.2794292508917955 0.11932773109243698 0.2794292508917955 0.11428571428571428 0.27645659928656363 0.1134453781512605 0.272294887039239 0.12016806722689076 0.2681331747919144
1 0.19831932773109243 0.26932223543400713 0.20168067226890757 0.27586206896551724 0.19663865546218487 0.2788347205707491 0.18907563025210083 0.27645659928656363 0.18907563025210083 0.27170035671819265 0.19243697478991598 0.26872770511296074 0.19747899159663865 0.26932223543400713
2 0.2714285714285714 0.26872770511296074 0.27647058823529413 0.272294887039239 0.27310924369747897 0.2788347205707491 0.2672268907563025 0.2788347205707491 0.2638655462184874 0.27586206896551724 0.2647058823529412 0.27051129607609986 0.27058823529411763 0.26872770511296074
3 0.34789915966386553 0.26932223543400713 0.35042016806722687 0.27645659928656363 0.346218487394958 0.2788347205707491 0.33949579831932775 0.27705112960760997 0.33865546218487397 0.27110582639714625 0.3420168067226891 0.26872770511296074 0.34705882352941175 0.26932223543400713
4 0.42100840336134454 0.26872770511296074 0.42521008403361343 0.27110582639714625 0.42521008403361343 0.27705112960760997 0.4226890756302521 0.2788347205707491 0.41680672268907565 0.2788347205707491 0.4134453781512605 0.27645659928656363 0.4142857142857143 0.27051129607609986 0.42016806722689076 0.26872770511296074
0 0.1226890756302521 0.6111771700356718 0.126890756302521 0.6141498216409037 0.12605042016806722 0.619500594530321 0.1226890756302521 0.6206896551724138 0.11680672268907563 0.6200951248513674 0.11428571428571428 0.6165279429250892 0.11596638655462185 0.6117717003567182 0.12184873949579832 0.6111771700356718
1 0.19747899159663865 0.6111771700356718 0.2008403361344538 0.6135552913198573 0.2008403361344538 0.617717003567182 0.19663865546218487 0.6206896551724138 0.19243697478991598 0.6206896551724138 0.18907563025210083 0.617717003567182 0.1899159663865546 0.6123662306777645 0.19663865546218487 0.6111771700356718
2 0.2689075630252101 0.6105826397146255 0.27563025210084036 0.6129607609988109 0.2747899159663866 0.619500594530321 0.26554621848739496 0.6200951248513674 0.2638655462184874 0.6141498216409037 0.2680672268907563 0.6111771700356718
3 0.33949579831932775 0.6123662306777645 0.34789915966386553 0.6111771700356718 0.35126050420168065 0.6147443519619501 0.3487394957983193 0.6200951248513674 0.3420168067226891 0.6206896551724138 0.3378151260504202 0.6159334126040428 0.33949579831932775 0.6129607609988109
4 0.42436974789915966 0.6123662306777645 0.4260504201680672 0.6159334126040428 0.4218487394957983 0.6206896551724138 0.4142857142857143 0.619500594530321 0.4134453781512605 0.6135552913198573 0.4184873949579832 0.6105826397146255 0.4235294117647059 0.6123662306777645
0 0.5336134453781513 0.272294887039239 0.5369747899159664 0.27526753864447084 0.5369747899159664 0.2794292508917955 0.5336134453781513 0.28240190249702735 0.5285714285714286 0.28240190249702735 0.5252100840336135 0.2800237812128419 0.5260504201680672 0.2734839476813318 0.5327731092436975 0.272294887039239
1 0.6016806722689075 0.2728894173602854 0.607563025210084 0.272294887039239 0.611764705882353 0.27586206896551724 0.6100840336134454 0.2812128418549346 0.6025210084033613 0.28240190249702735 0.6 0.2800237812128419 0.6016806722689075 0.2734839476813318
2 0.6802521008403362 0.27764565992865636 0.012605042016806723 0.01070154577883472
3 0.7546218487394958 0.27170035671819265 0.761344537815126 0.27586206896551724 0.7596638655462185 0.2812128418549346 0.7521008403361344 0.28240190249702735 0.7487394957983193 0.2794292508917955 0.7487394957983193 0.27586206896551724 0.753781512605042 0.272294887039239
4 0.8319327731092437 0.272294887039239 0.8361344537815126 0.27586206896551724 0.8361344537815126 0.2794292508917955 0.8319327731092437 0.28240190249702735 0.8260504201680672 0.28240190249702735 0.8235294117647058 0.2794292508917955 0.8243697478991596 0.2740784780023781 0.83109243697479 0.272294887039239
0 0.534453781512605 0.7241379310344828 0.5369747899159664 0.7288941736028538 0.5327731092436975 0.7330558858501783 0.5260504201680672 0.7318668252080857 0.5243697478991597 0.7271105826397146 0.5285714285714286 0.7235434007134364 0.5336134453781513 0.7241379310344828
1 0.6092436974789915 0.7235434007134364 0.611764705882353 0.7253269916765755 0.611764705882353 0.7306777645659929 0.6067226890756302 0.7330558858501783 0.6 0.7306777645659929 0.6 0.7253269916765755 0.6084033613445378 0.7235434007134364
2 0.6756302521008404 0.7241379310344828 0.6831932773109244 0.7235434007134364 0.6865546218487395 0.7259215219976218 0.6848739495798319 0.7318668252080857 0.6781512605042017 0.7330558858501783 0.6747899159663866 0.7312722948870393 0.6756302521008404 0.7247324613555292
3 0.7579831932773109 0.7235434007134364 0.761344537815126 0.7306777645659929 0.7554621848739496 0.7330558858501783 0.7495798319327731 0.7312722948870393 0.7487394957983193 0.7271105826397146 0.7512605042016807 0.7241379310344828 0.7571428571428571 0.7235434007134364
4 0.8319327731092437 0.7235434007134364 0.8361344537815126 0.7271105826397146 0.8352941176470589 0.7312722948870393 0.8319327731092437 0.7330558858501783 0.8260504201680672 0.7324613555291319 0.8235294117647058 0.7294887039239001 0.8243697478991596 0.7247324613555292 0.83109243697479 0.7235434007134364