1 0.19747899159663865 0.21105826397146255 0.20168067226890757 0.2170035671819263 0.19663865546218487 0.2211652794292509 0.1915966386554622 0.2205707491082045 0.18823529411764706 0.2170035671819263 0.18907563025210083 0.21284185493460167 0.19663865546218487 0.21105826397146255
0 0.11932773109243698 0.6123662306777645 0.12605042016806722 0.6147443519619501 0.126890756302521 0.6206896551724138 0.12352941176470589 0.6230677764565993 0.11512605042016806 0.6218787158145065 0.11428571428571428 0.6153388822829964 0.11848739495798319 0.6129607609988109
0 0.5336134453781513 0.24851367419738407 0.5369747899159664 0.25089179548156954 0.5369747899159664 0.2556480380499406 0.5336134453781513 0.25802615933412604 0.5285714285714286 0.25802615933412604 0.5243697478991597 0.2520808561236623 0.5260504201680672 0.24910820451843044 0.5327731092436975 0.24851367419738407
0 0.11932773109243698 0.20986920332936979 0.126890756302521 0.2116527942925089 0.126890756302521 0.21997621878715815 0.1226890756302521 0.22175980975029727 0.11512605042016806 0.21997621878715815 0.1134453781512605 0.21343638525564804 0.11848739495798319 0.21046373365041618
2 0.2739495798319328 0.2116527942925089 0.27647058823529413 0.21343638525564804 0.27647058823529413 0.21819262782401902 0.2722689075630252 0.2211652794292509 0.2647058823529412 0.21997621878715815 0.2638655462184874 0.21343638525564804 0.2689075630252101 0.21046373365041618 0.27310924369747897 0.2116527942925089
3 0.3445378151260504 0.21046373365041618 0.35042016806722687 0.21343638525564804 0.3495798319327731 0.21997621878715815 0.34285714285714286 0.2211652794292509 0.3378151260504202 0.2170035671819263 0.33865546218487397 0.21343638525564804 0.34369747899159664 0.21105826397146255
4 0.4218487394957983 0.21105826397146255 0.4260504201680672 0.21521997621878716 0.42521008403361343 0.21938168846611178 0.4218487394957983 0.2211652794292509 0.41596638655462187 0.2205707491082045 0.4126050420168067 0.2170035671819263 0.4134453781512605 0.21343638525564804 0.42100840336134454 0.21105826397146255
1 0.6084033613445378 0.24851367419738407 0.611764705882353 0.25089179548156954 0.611764705882353 0.2556480380499406 0.607563025210084 0.25802615933412604 0.6025210084033613 0.25802615933412604 0.5991596638655462 0.25267538644470866 0.6016806722689075 0.24910820451843044 0.607563025210084 0.24851367419738407
2 0.6848739495798319 0.24910820451843044 0.6865546218487395 0.2550535077288942 0.6831932773109244 0.25802615933412604 0.6756302521008404 0.25743162901307964 0.6739495798319328 0.25148632580261593 0.6781512605042017 0.2479191438763377 0.6840336134453782 0.24910820451843044
3 0.7512605042016807 0.24851367419738407 0.7571428571428571 0.2479191438763377 0.761344537815126 0.25148632580261593 0.7596638655462185 0.2568370986920333 0.7529411764705882 0.25802615933412604 0.7487394957983193 0.2550535077288942 0.7512605042016807 0.24910820451843044
4 0.83109243697479 0.2479191438763377 0.8352941176470589 0.2502972651605232 0.8352941176470589 0.2562425683709869 0.8319327731092437 0.25802615933412604 0.826890756302521 0.25802615933412604 0.8235294117647058 0.2550535077288942 0.8235294117647058 0.2502972651605232 0.8302521008403362 0.2479191438763377
1 0.18823529411764706 0.619500594530321 0.1915966386554622 0.6135552913198573 0.19831932773109243 0.6135552913198573 0.2008403361344538 0.6206896551724138 0.19243697478991598 0.6230677764565993 0.18907563025210083 0.6200951248513674
2 0.27310924369747897 0.6135552913198573 0.27647058823529413 0.619500594530321 0.2722689075630252 0.6230677764565993 0.26638655462184874 0.6224732461355529 0.2638655462184874 0.619500594530321 0.2647058823529412 0.6147443519619501 0.2722689075630252 0.6135552913198573
3 0.3453781512605042 0.6183115338882283 0.013445378151260505 0.01070154577883472
4 0.42100840336134454 0.6129607609988109 0.4260504201680672 0.617717003567182 0.4218487394957983 0.6230677764565993 0.41680672268907565 0.6230677764565993 0.4134453781512605 0.6200951248513674 0.4134453781512605 0.6153388822829964 0.42016806722689076 0.6129607609988109